1118847	1	L1	12.1835/0.549609/0.744233/45/413/2427/0/0.028	0.208754 0.210619 0.25704 0.531779 0.536516 0.570496 0.715927 0.773558 0.776818 0.80048 0.884317 0.895972 0.900896 0.916421 0.938781 0.948291 0.951773 0.962244 0.966559 0.969103 0.97384 0.976455 0.977182 0.98165 0.982494 0.983115 0.988755 0.988931 0.989752 0.994618 0.9947 0.995615 0.997655 0.997655 0.998065 0.99966 0.99966 0.999695 0.999859 0.999871 0.999871 0.999988 0.999988 0.999988 1 
1118847	1	L2	20.3582/0.21611/0.872279/45/2738/3011/0.0032395/0.033	0.0540717 0.0543238 0.0778575 0.169664 0.189319 0.250026 0.328037 0.408559 0.426301 0.482447 0.613765 0.655243 0.676182 0.72145 0.773919 0.815743 0.825109 0.852022 0.869544 0.885013 0.901294 0.920256 0.926771 0.933719 0.938457 0.951124 0.963296 0.96429 0.965774 0.97166 0.982867 0.984006 0.98468 0.985784 0.992391 0.993232 0.993458 0.993706 0.996722 0.997173 0.997498 0.997574 0.998294 0.998767 0.998819 
1118847	1	L3	19.4233/0.258607/0.856638/45/1832/3780/0.00185065/0.033	0.0649772 0.065212 0.0888409 0.206101 0.220867 0.287033 0.358411 0.463824 0.477919 0.519225 0.651611 0.703143 0.718025 0.751894 0.798764 0.849799 0.856958 0.877002 0.891046 0.906484 0.922529 0.937484 0.941354 0.946368 0.950648 0.963155 0.970654 0.971177 0.972027 0.975882 0.986864 0.987959 0.988358 0.988808 0.995056 0.995761 0.995941 0.996217 0.99852 0.998693 0.998831 0.998905 0.999265 0.9995 0.99957 
1118847	1	L4	19.5888/0.237103/0.874162/45/324/447/0.00211896/0.033	0.0666248 0.0667962 0.0931451 0.198865 0.215878 0.284865 0.357682 0.439529 0.456085 0.50242 0.625324 0.664685 0.67987 0.717612 0.761355 0.812643 0.819292 0.841011 0.857929 0.869856 0.892337 0.91158 0.918057 0.925183 0.928079 0.946197 0.954733 0.956733 0.9578 0.962715 0.974127 0.976718 0.977519 0.978338 0.984206 0.985997 0.986359 0.986568 0.988188 0.988474 0.990665 0.990779 0.991007 0.993065 0.993141 
1118847	1	L5	19.2588/0.258487/0.867756/45/694/832/0.00771824/0.033	0.0725901 0.0726773 0.10667 0.205591 0.224452 0.309084 0.387155 0.460015 0.475936 0.536467 0.657771 0.691356 0.704777 0.742698 0.789289 0.821608 0.826587 0.854903 0.871305 0.880947 0.89468 0.920322 0.924889 0.933718 0.93846 0.95343 0.964704 0.965783 0.968632 0.973648 0.985354 0.98704 0.987908 0.988647 0.993659 0.994186 0.99444 0.994697 0.99598 0.996225 0.996346 0.996416 0.996558 0.996844 0.996869 
1118847	1	L6	21.5413/0.17053/0.879527/45/642/732/0/0.033	0.0393387 0.0393581 0.0545123 0.137814 0.152973 0.203094 0.270373 0.359522 0.369998 0.427738 0.561019 0.614663 0.632122 0.684562 0.737556 0.798207 0.810527 0.838948 0.86025 0.884827 0.901432 0.921439 0.931867 0.938267 0.944275 0.955183 0.965766 0.967712 0.968833 0.971409 0.983342 0.984273 0.984725 0.985234 0.993328 0.993774 0.993886 0.993968 0.997986 0.998083 0.998122 0.998151 0.998845 0.999602 0.999612 
1118847	1	L7	20.2058/0.219464/0.866444/45/319/2227/0.0011329/0.033	0.0485746 0.0485746 0.0718252 0.173868 0.194308 0.241635 0.321921 0.415474 0.427993 0.486601 0.615943 0.659182 0.671878 0.726811 0.774845 0.818477 0.826731 0.860104 0.87677 0.893279 0.909572 0.924942 0.932155 0.937795 0.944773 0.952732 0.961911 0.962795 0.963424 0.96818 0.976455 0.977595 0.978263 0.978774 0.985436 0.986439 0.987009 0.987343 0.990704 0.991529 0.993671 0.993947 0.994949 0.995283 0.995421 
1118847	1	L8	20.3805/0.221047/0.865016/45/716/3260/0/0.033	0.0504198 0.0504198 0.069017 0.174433 0.194813 0.238823 0.324994 0.419985 0.430733 0.488936 0.612481 0.664957 0.679169 0.729464 0.783578 0.824151 0.833612 0.861478 0.882775 0.902274 0.916065 0.935684 0.943116 0.94747 0.954422 0.965809 0.973791 0.974856 0.976362 0.978399 0.988171 0.988971 0.989213 0.98972 0.994768 0.995092 0.995147 0.995494 0.998104 0.99819 0.998225 0.998291 0.998631 0.999446 0.999462 
1118847	1	OV1	10.4054/0.622085/0.683457/45/695/1104/0/0.026	0.24295 0.243066 0.290807 0.612066 0.618968 0.641464 0.796996 0.863171 0.866202 0.880569 0.931424 0.941336 0.943887 0.955791 0.967699 0.971716 0.973148 0.980858 0.982858 0.98456 0.989255 0.990816 0.991015 0.995118 0.995466 0.99564 0.997524 0.99759 0.997863 0.999259 0.999259 0.999284 0.999685 0.999685 0.999718 0.99993 0.99993 0.999934 0.999959 0.999959 0.999967 1 1 1 1 
1118847	1	OV2	10.0148/0.635683/0.688365/45/466/655/0/0.026	0.257723 0.257824 0.349353 0.634217 0.643574 0.674649 0.804095 0.851941 0.863591 0.884839 0.929737 0.934499 0.939629 0.953038 0.966586 0.970215 0.97109 0.979176 0.981138 0.98216 0.989123 0.989786 0.990062 0.994262 0.99429 0.994925 0.998121 0.998121 0.998121 0.999383 0.999466 0.999466 0.999871 0.999871 0.999871 0.999972 0.999972 0.999972 1 1 1 1 1 1 1 
1118847	1	OV3	19.6929/0.247983/0.857308/45/561/1435/0/0.033	0.0608952 0.0609016 0.0857617 0.181955 0.211848 0.271609 0.35051 0.439834 0.461568 0.51993 0.646544 0.692051 0.710258 0.751354 0.799734 0.841371 0.850388 0.877263 0.892006 0.905383 0.918779 0.939241 0.943849 0.947763 0.950928 0.964521 0.971429 0.972268 0.973424 0.974587 0.987087 0.987462 0.988059 0.988269 0.994465 0.994795 0.994853 0.994872 0.997814 0.997916 0.997928 0.997947 0.997954 0.999365 0.999365 
1118847	1	OV4	19.3467/0.250804/0.874122/45/187/1682/0/0.033	0.0664303 0.0664875 0.118133 0.205296 0.223426 0.304127 0.400841 0.444937 0.467643 0.522263 0.647173 0.672224 0.698876 0.732678 0.772713 0.819955 0.824873 0.849009 0.860047 0.880122 0.895565 0.913523 0.920329 0.921988 0.927707 0.941891 0.952987 0.953273 0.95436 0.95985 0.977752 0.977866 0.978781 0.978781 0.992164 0.992908 0.992965 0.992965 0.997827 0.997998 0.997998 0.998113 0.998456 0.999542 0.999542 
1118847	1	OV5	15.1594/0.415029/0.843173/45/20/273/0/0.031	0.19 0.19 0.2 0.405 0.405 0.44 0.54 0.64 0.645 0.675 0.755 0.825 0.83 0.83 0.83 0.875 0.875 0.875 0.885 0.9 0.9 0.91 0.92 0.92 0.92 0.955 0.955 0.955 0.955 0.955 0.99 0.99 0.99 0.99 0.995 0.995 0.995 0.995 1 1 1 1 1 1 1 
1118847	1	OV6	18.3587/0.313431/0.830205/45/186/1283/0/0.031	0.0805874 0.0805874 0.125332 0.231414 0.260377 0.335472 0.411608 0.49867 0.518962 0.600994 0.696323 0.735345 0.759336 0.801711 0.8416 0.877616 0.890045 0.919586 0.931495 0.951439 0.963869 0.97387 0.980749 0.98653 0.988785 0.989652 0.995202 0.99578 0.995953 0.996589 0.998208 0.998439 0.999248 0.999248 0.999653 0.999942 0.999942 1 1 1 1 1 1 1 1 
1118847	1	OV7	17.0721/0.338869/0.844991/45/106/417/0/0.032	0.100036 0.100036 0.150053 0.281773 0.307761 0.38875 0.454076 0.55607 0.563724 0.638305 0.735671 0.752759 0.767711 0.805981 0.833215 0.861161 0.863831 0.88341 0.893022 0.895336 0.906372 0.920612 0.924884 0.92524 0.92613 0.945888 0.946244 0.9466 0.948558 0.952652 0.964934 0.964934 0.970274 0.970274 0.985582 0.985582 0.992168 0.992168 0.997508 0.997508 0.998398 0.998398 0.999288 0.999288 0.999466 
1118847	1	OV8	19.4841/0.247836/0.863806/45/57/161/0/0.033	0.0729455 0.0729455 0.0889504 0.22253 0.250231 0.263158 0.331487 0.439828 0.460142 0.516774 0.606033 0.658972 0.674977 0.735303 0.785165 0.825177 0.831333 0.873192 0.88735 0.909511 0.917513 0.940905 0.946445 0.95137 0.955679 0.958757 0.963681 0.964297 0.964912 0.96799 0.971684 0.971684 0.971684 0.971684 0.98338 0.98338 0.98338 0.98338 0.993844 0.993844 0.993844 0.993844 0.997538 0.997538 0.997538 
1118847	1	T1	17.3377/0.35161/0.815175/45/779/1503/0/0.031	0.11034 0.111708 0.136934 0.290879 0.297608 0.317864 0.475632 0.531034 0.5375 0.576205 0.750274 0.773647 0.786781 0.847828 0.897673 0.908467 0.915006 0.94504 0.952607 0.956071 0.964043 0.970107 0.972306 0.977846 0.978973 0.979655 0.987199 0.987321 0.987506 0.992739 0.993237 0.993481 0.995646 0.996876 0.997545 0.998326 0.998329 0.998899 0.999661 0.999667 0.99967 0.999908 0.999914 0.999914 0.999918 
1118847	1	T2	16.4101/0.390124/0.804051/45/688/1535/0/0.031	0.138981 0.139848 0.165812 0.324635 0.331615 0.350612 0.503617 0.578129 0.582354 0.616828 0.780582 0.804375 0.812682 0.863199 0.912998 0.922851 0.927537 0.952124 0.963109 0.966113 0.970187 0.977479 0.980576 0.9847 0.985326 0.988343 0.992614 0.992872 0.993362 0.997009 0.997549 0.998018 0.999328 0.999354 0.999594 0.999844 0.999865 0.999886 0.999979 0.999983 0.999987 0.999992 0.999992 1 1 
1118847	1	T3	19.3882/0.26101/0.858441/45/138/1005/0/0.032	0.0747742 0.0747742 0.099979 0.203949 0.226948 0.275677 0.370615 0.466604 0.482882 0.531716 0.650074 0.697438 0.707834 0.739866 0.787125 0.837954 0.844675 0.878177 0.892039 0.902541 0.928481 0.945495 0.948225 0.954631 0.960618 0.968074 0.978996 0.979836 0.981306 0.982777 0.988238 0.988658 0.988973 0.989078 0.995274 0.995589 0.995694 0.995799 0.99832 0.99832 0.99832 0.99832 0.99832 0.99958 0.99958 
1118847	1	T4	19.2404/0.269011/0.84762/45/398/1041/0/0.032	0.0635969 0.0635969 0.0840635 0.207293 0.237317 0.284197 0.366519 0.466125 0.482526 0.542347 0.660021 0.706624 0.722305 0.770334 0.815522 0.858425 0.865231 0.894434 0.910495 0.92105 0.932136 0.951011 0.954963 0.957577 0.960847 0.968612 0.976516 0.976945 0.977273 0.980897 0.988094 0.988296 0.988624 0.989659 0.993207 0.995013 0.995076 0.995089 0.997841 0.997942 0.998662 0.998662 0.998662 0.999482 0.999482 
1118847	1	T5	9.84848/0.64798/0.63829/45/4/119/0/0.025	0.25 0.25 0.375 0.5 0.5 0.75 0.875 0.875 0.875 0.875 1 1 1 1 1 1 1 1 1 1 1 1 1 1 1 1 1 1 1 1 1 1 1 1 1 1 1 1 1 1 1 1 1 1 1 
1118847	1	T6	20.2345/0.22472/0.86111/45/481/3364/0.00535052/0.033	0.0493817 0.0493817 0.0705089 0.164665 0.178591 0.242655 0.338134 0.419012 0.430535 0.489707 0.624241 0.676212 0.691461 0.743111 0.788002 0.833567 0.8435 0.870989 0.886359 0.899534 0.915405 0.933351 0.938365 0.9419 0.946032 0.960227 0.967583 0.969001 0.97098 0.973427 0.983869 0.984621 0.985564 0.985901 0.991675 0.992505 0.992825 0.993007 0.995315 0.996706 0.996923 0.997026 0.997528 0.999006 0.999032 
1118847	1	T7	19.8081/0.243886/0.86663/45/169/635/0/0.033	0.0654389 0.0654389 0.0945695 0.183432 0.222716 0.275165 0.371311 0.435314 0.448409 0.542033 0.64329 0.664858 0.689227 0.746928 0.784741 0.816603 0.83628 0.858198 0.876335 0.898883 0.910297 0.930114 0.937747 0.943349 0.952313 0.9722 0.974931 0.977522 0.978362 0.980883 0.992577 0.993067 0.993418 0.993418 0.998459 0.998459 0.998459 0.998459 0.99965 0.99972 0.99972 0.99972 0.99972 1 1 
217320	2	L4	23.0486/-0.0554523/0.989522/45/68/447/0.0218955/0.041	0.0415225 0.0527682 0.0882353 0.104671 0.119377 0.136678 0.17128 0.193339 0.204152 0.239619 0.281574 0.290225 0.32872 0.361592 0.374567 0.405277 0.45026 0.46583 0.480104 0.516436 0.559256 0.573962 0.599913 0.630623 0.655277 0.679498 0.71583 0.727941 0.759948 0.788927 0.814446 0.826557 0.838668 0.874135 0.88019 0.890138 0.905709 0.918685 0.919983 0.926903 0.936419 0.942474 0.942907 0.943339 0.950692 
217320	2	L5	23.2215/-0.0228415/0.987377/45/76/832/0/0.039	0.0536704 0.0567867 0.0893352 0.140928 0.144391 0.174169 0.221953 0.259349 0.261773 0.285319 0.339681 0.353532 0.364266 0.382618 0.422784 0.440097 0.460526 0.485111 0.517313 0.544668 0.579294 0.594875 0.637119 0.672438 0.681094 0.730956 0.769044 0.791551 0.80367 0.842798 0.860457 0.878463 0.898892 0.908934 0.915512 0.933518 0.939058 0.943906 0.958449 0.965028 0.96849 0.971607 0.979917 0.980609 0.982341 
217320	2	L6	20.5724/0.100651/0.950158/45/22/732/0/0.038	0.0743802 0.0743802 0.115702 0.119835 0.173554 0.22314 0.285124 0.318182 0.371901 0.400826 0.42562 0.471074 0.487603 0.504132 0.541322 0.549587 0.603306 0.615702 0.615702 0.669421 0.698347 0.727273 0.768595 0.793388 0.809917 0.838843 0.838843 0.847107 0.867769 0.884298 0.900826 0.900826 0.913223 0.913223 0.917355 0.917355 0.917355 0.921488 0.921488 0.921488 0.921488 0.929752 0.929752 0.942149 0.942149 
217320	2	OV2	17.9476/0.309105/0.897694/45/9/655/0/0.032	0.209877 0.308642 0.308642 0.358025 0.432099 0.432099 0.432099 0.481481 0.481481 0.481481 0.481481 0.506173 0.506173 0.654321 0.679012 0.703704 0.777778 0.802469 0.876543 0.925926 0.925926 0.975309 0.975309 1 1 1 1 1 1 1 1 1 1 1 1 1 1 1 1 1 1 1 1 1 1 
217320	2	OV4	0/1/-nan/45/2/1682/0/0	1 1 1 1 1 1 1 1 1 1 1 1 1 1 1 1 1 1 1 1 1 1 1 1 1 1 1 1 1 1 1 1 1 1 1 1 1 1 1 1 1 1 1 1 1 
217320	2	OV5	22.1374/0.00497936/0.983694/45/23/273/0/0.04	0.0775047 0.0775047 0.0850662 0.111531 0.115312 0.149338 0.187146 0.217391 0.224953 0.285444 0.395085 0.417769 0.436673 0.436673 0.493384 0.542533 0.542533 0.550095 0.584121 0.587902 0.599244 0.621928 0.637051 0.659735 0.667297 0.68242 0.727788 0.73913 0.746692 0.807183 0.826087 0.826087 0.826087 0.867675 0.875236 0.886578 0.886578 0.943289 0.943289 0.943289 0.958412 0.981096 0.981096 0.984877 0.984877 
217320	2	OV6	6.17772/0.443078/0.640214/45/3/1283/0/0.049	0.555556 0.555556 0.555556 0.555556 0.555556 0.555556 0.555556 0.555556 0.555556 0.555556 0.555556 0.555556 0.555556 0.555556 0.555556 0.555556 0.555556 0.555556 0.555556 0.555556 0.555556 0.555556 0.555556 0.555556 0.555556 0.555556 0.555556 0.555556 0.555556 0.555556 0.555556 0.555556 0.555556 0.555556 0.555556 0.555556 0.555556 0.777778 0.777778 0.777778 0.777778 0.777778 1 1 1 
217320	2	OV7	20.371/0.141026/0.934893/45/182/417/0.0165447/0.037	0.0430504 0.0516242 0.118585 0.161816 0.184579 0.210844 0.310651 0.36632 0.384434 0.457916 0.505132 0.539246 0.561406 0.601075 0.634887 0.656141 0.672322 0.692066 0.717425 0.743026 0.760114 0.770499 0.786801 0.815904 0.826048 0.839874 0.862577 0.869339 0.875619 0.896691 0.905446 0.909552 0.920662 0.930624 0.933462 0.939379 0.943968 0.949583 0.954897 0.957191 0.959063 0.96492 0.966067 0.970233 0.975848 
217320	2	OV8	23.0631/-0.0674646/0.984011/45/29/161/0/0.041	0.039239 0.039239 0.0653983 0.0939358 0.108205 0.122473 0.155767 0.186683 0.191439 0.229489 0.258026 0.293698 0.305589 0.353151 0.360285 0.391201 0.410226 0.422117 0.472057 0.48157 0.512485 0.529132 0.602854 0.643282 0.669441 0.68371 0.726516 0.757432 0.778835 0.785969 0.826397 0.850178 0.850178 0.852556 0.862069 0.892985 0.892985 0.900119 0.902497 0.907253 0.91201 0.916766 0.916766 0.916766 0.916766 
217320	2	T2	20.797/0.152814/0.932678/45/52/1535/0/0.035	0.0931953 0.160503 0.173077 0.193787 0.236686 0.244083 0.297337 0.317308 0.33432 0.410503 0.428994 0.465976 0.547337 0.582101 0.613905 0.673817 0.693047 0.743343 0.755178 0.777367 0.796598 0.831361 0.85503 0.872041 0.887574 0.903846 0.925296 0.930473 0.93713 0.945266 0.949704 0.949704 0.951183 0.95784 0.95784 0.95784 0.961538 0.968195 0.968195 0.968195 0.981509 0.981509 0.982249 0.988905 0.994083 
217320	2	T3	18.6594/-0.00380435/0.95679/45/8/1005/0/0.048	0.15625 0.15625 0.21875 0.21875 0.21875 0.21875 0.21875 0.21875 0.21875 0.21875 0.21875 0.21875 0.21875 0.21875 0.21875 0.28125 0.28125 0.28125 0.40625 0.40625 0.4375 0.4375 0.46875 0.53125 0.5625 0.5625 0.75 0.75 0.75 0.75 0.75 0.75 0.75 0.75 0.75 0.75 0.75 0.75 0.78125 0.78125 0.78125 0.78125 0.84375 0.84375 0.875 
217320	2	T4	0/0/0/0/0/1041/0/0	
217320	2	T5	23.8602/-0.0283158/0.982473/45/31/119/0/0.038	0.0509886 0.0509886 0.0926119 0.132154 0.140479 0.150884 0.209157 0.23205 0.244537 0.281998 0.32154 0.334027 0.365245 0.3923 0.415193 0.442248 0.48179 0.504683 0.527575 0.577523 0.637877 0.656608 0.683663 0.708637 0.746098 0.771072 0.791883 0.802289 0.845994 0.868887 0.877211 0.898023 0.906348 0.916753 0.916753 0.941727 0.958377 0.960458 0.96462 0.979188 0.98127 0.983351 0.987513 0.989594 0.993757 
217320	2	T6	2.83267/0.901296/0.35703/45/2/3364/0/0	0.5 0.5 1 1 1 1 1 1 1 1 1 1 1 1 1 1 1 1 1 1 1 1 1 1 1 1 1 1 1 1 1 1 1 1 1 1 1 1 1 1 1 1 1 1 1 
217320	2	T7	21.874/0.027365/0.957536/45/211/635/0.0164018/0.039	0.031064 0.0340738 0.0672267 0.105231 0.120415 0.146875 0.202534 0.245435 0.262146 0.319243 0.351183 0.38465 0.418342 0.454325 0.480829 0.517711 0.556614 0.583298 0.61407 0.649199 0.675389 0.697177 0.729027 0.760338 0.778397 0.789268 0.81128 0.829069 0.835898 0.847937 0.860875 0.867748 0.871521 0.880955 0.892006 0.89524 0.897891 0.903731 0.908582 0.912715 0.915635 0.919139 0.923856 0.928798 0.931448 
4324048	3	L1	19.1067/-0.031437/0.968716/45/10/2427/0/0.048	0.12 0.2 0.2 0.2 0.22 0.22 0.24 0.24 0.24 0.24 0.24 0.24 0.26 0.26 0.26 0.26 0.34 0.36 0.36 0.38 0.4 0.4 0.4 0.46 0.48 0.48 0.5 0.52 0.54 0.54 0.56 0.6 0.64 0.64 0.7 0.72 0.84 0.84 0.88 0.88 0.88 0.88 0.98 0.98 0.98 
4324048	3	L3	3.77339/0.21723/0.759872/45/5/3780/0/0.049	0.28 0.28 0.28 0.28 0.28 0.28 0.28 0.28 0.28 0.28 0.28 0.28 0.28 0.28 0.28 0.28 0.28 0.28 0.28 0.28 0.28 0.28 0.28 0.28 0.28 0.28 0.28 0.28 0.28 0.36 0.36 0.36 0.36 0.36 0.36 0.36 0.36 0.36 0.36 0.36 0.36 0.36 0.52 0.52 0.52 
4324048	3	L4	11.543/0.0661177/0.949813/45/6/447/0.048145/0.049	0.166667 0.166667 0.166667 0.166667 0.166667 0.222222 0.222222 0.277778 0.277778 0.277778 0.277778 0.277778 0.277778 0.277778 0.277778 0.277778 0.277778 0.277778 0.277778 0.277778 0.277778 0.277778 0.277778 0.277778 0.277778 0.333333 0.444444 0.444444 0.444444 0.444444 0.444444 0.5 0.5 0.555556 0.555556 0.555556 0.555556 0.555556 0.555556 0.555556 0.611111 0.611111 0.666667 0.666667 0.722222 
4324048	3	L5	11.2148/0.160276/0.934166/45/35/832/0.0295676/0.049	0.0530612 0.0808163 0.152653 0.167347 0.186939 0.253878 0.31102 0.322449 0.36 0.404082 0.404082 0.423673 0.431837 0.441633 0.443265 0.444898 0.448163 0.456327 0.456327 0.46449 0.467755 0.47102 0.479184 0.48898 0.493878 0.502041 0.508571 0.511837 0.513469 0.524898 0.534694 0.541224 0.546122 0.55102 0.555918 0.564082 0.582041 0.590204 0.604898 0.627755 0.637551 0.665306 0.70449 0.720816 0.743673 
4324048	3	L6	9.90369/0.083293/0.986095/45/19/732/0.00604543/0.049	0.0858726 0.0858726 0.130194 0.141274 0.141274 0.202216 0.218837 0.229917 0.235457 0.274238 0.274238 0.279778 0.279778 0.279778 0.290859 0.290859 0.296399 0.301939 0.307479 0.3241 0.3241 0.32964 0.32964 0.351801 0.362881 0.368421 0.368421 0.385042 0.385042 0.396122 0.423823 0.423823 0.445983 0.462604 0.468144 0.479224 0.484765 0.506925 0.506925 0.523546 0.529086 0.545706 0.567867 0.567867 0.573407 
4324048	3	L7	0/0.5/-nan/45/2/2227/0/0.049	0.5 0.5 0.5 0.5 0.5 0.5 0.5 0.5 0.5 0.5 0.5 0.5 0.5 0.5 0.5 0.5 0.5 0.5 0.5 0.5 0.5 0.5 0.5 0.5 0.5 0.5 0.5 0.5 0.5 0.5 0.5 0.5 0.5 0.5 0.5 0.5 0.5 0.5 0.5 0.5 0.5 0.5 0.5 0.5 0.5 
4324048	3	L8	9.09091/0.279237/0.878883/45/6/3260/0/0.049	0.222222 0.277778 0.333333 0.333333 0.333333 0.333333 0.333333 0.388889 0.388889 0.388889 0.388889 0.444444 0.5 0.5 0.555556 0.555556 0.555556 0.555556 0.555556 0.555556 0.555556 0.555556 0.555556 0.555556 0.555556 0.555556 0.555556 0.555556 0.555556 0.555556 0.555556 0.555556 0.555556 0.555556 0.555556 0.555556 0.555556 0.555556 0.611111 0.611111 0.611111 0.777778 0.833333 0.833333 0.833333 
4324048	3	OV1	10.2923/0.297388/0.84446/45/13/1104/0/0.049	0.242604 0.384615 0.384615 0.420118 0.455621 0.455621 0.502959 0.502959 0.502959 0.502959 0.514793 0.514793 0.514793 0.514793 0.514793 0.514793 0.514793 0.514793 0.514793 0.514793 0.514793 0.514793 0.514793 0.514793 0.514793 0.514793 0.514793 0.526627 0.526627 0.526627 0.538462 0.550296 0.550296 0.573964 0.597633 0.633136 0.751479 0.763314 0.763314 0.869822 0.881657 0.881657 0.940828 0.952663 0.952663 
4324048	3	OV2	10.3775/0.174909/0.936608/45/14/655/0.0284223/0.049	0.173469 0.173469 0.173469 0.214286 0.214286 0.22449 0.244898 0.244898 0.326531 0.336735 0.418367 0.418367 0.418367 0.428571 0.428571 0.438776 0.469388 0.469388 0.469388 0.469388 0.469388 0.469388 0.469388 0.469388 0.469388 0.5 0.5 0.510204 0.510204 0.510204 0.510204 0.510204 0.510204 0.520408 0.520408 0.520408 0.540816 0.561224 0.571429 0.581633 0.612245 0.663265 0.72449 0.734694 0.765306 
4324048	3	OV3	12.2151/0.255428/0.927388/45/17/1435/0/0.049	0.121107 0.231834 0.259516 0.294118 0.404844 0.404844 0.425606 0.50173 0.508651 0.529412 0.543253 0.543253 0.543253 0.543253 0.543253 0.543253 0.543253 0.543253 0.543253 0.543253 0.543253 0.543253 0.543253 0.543253 0.543253 0.543253 0.543253 0.564014 0.564014 0.633218 0.633218 0.633218 0.695502 0.716263 0.723183 0.771626 0.792388 0.792388 0.792388 0.820069 0.82699 0.82699 0.854671 0.889273 0.889273 
4324048	3	OV4	19.4972/-0.0770203/0.990439/45/11/1682/0/0.049	0.107438 0.107438 0.123967 0.123967 0.123967 0.123967 0.140496 0.157025 0.173554 0.206612 0.206612 0.206612 0.22314 0.256198 0.272727 0.289256 0.322314 0.338843 0.338843 0.355372 0.371901 0.38843 0.404959 0.421488 0.438017 0.438017 0.520661 0.553719 0.553719 0.570248 0.603306 0.603306 0.619835 0.669421 0.669421 0.68595 0.735537 0.752066 0.768595 0.834711 0.85124 0.867769 0.900826 0.900826 0.900826 
4324048	3	OV5	16.473/-0.0476853/0.99454/45/130/273/0.0290602/0.049	0.0291124 0.0371598 0.0768047 0.0969231 0.106509 0.130414 0.163432 0.184852 0.196568 0.220118 0.226864 0.242249 0.247574 0.25432 0.264734 0.271953 0.28142 0.293254 0.302485 0.318698 0.328757 0.34284 0.362012 0.38426 0.403905 0.410414 0.446154 0.470888 0.47929 0.502012 0.530651 0.53929 0.555385 0.573491 0.586746 0.603195 0.624379 0.639763 0.661657 0.689231 0.708757 0.733018 0.762012 0.780828 0.804497 
4324048	3	OV6	14.5713/0.300735/0.895212/45/46/1283/0.0131203/0.041	0.124764 0.172968 0.214556 0.265595 0.308129 0.387524 0.395085 0.487713 0.521739 0.565217 0.582231 0.645558 0.657845 0.663516 0.703214 0.714556 0.716446 0.729679 0.73535 0.753308 0.761815 0.76465 0.765595 0.778828 0.78828 0.79017 0.804348 0.81758 0.818526 0.826087 0.826087 0.830813 0.836484 0.836484 0.836484 0.840265 0.851607 0.851607 0.857278 0.879017 0.880907 0.882798 0.912098 0.927221 0.927221 
4324048	3	OV7	11.4106/0.0826169/0.967789/45/27/417/0.00778993/0.049	0.0672154 0.0672154 0.135802 0.163237 0.165981 0.196159 0.248285 0.26749 0.270233 0.311385 0.311385 0.319616 0.33059 0.336077 0.33882 0.341564 0.341564 0.341564 0.349794 0.349794 0.349794 0.358025 0.368999 0.374486 0.374486 0.38546 0.412894 0.418381 0.426612 0.437586 0.445816 0.445816 0.462277 0.497942 0.500686 0.51166 0.525377 0.552812 0.566529 0.596708 0.618656 0.632373 0.654321 0.70096 0.709191 
4324048	3	OV8	10.2404/0.0144355/0.96629/45/26/161/0.578082/0.049	0.0532544 0.0532544 0.0857988 0.10355 0.109467 0.136095 0.156805 0.174556 0.180473 0.201183 0.201183 0.204142 0.218935 0.224852 0.227811 0.233728 0.233728 0.233728 0.239645 0.242604 0.242604 0.254438 0.257396 0.266272 0.266272 0.281065 0.289941 0.301775 0.301775 0.331361 0.349112 0.352071 0.369822 0.37574 0.390533 0.399408 0.420118 0.428994 0.431953 0.470414 0.511834 0.517751 0.532544 0.600592 0.633136 
4324048	3	T1	11.5243/0.563674/0.824159/45/7/1503/0/0.029	0.183673 0.469388 0.469388 0.55102 0.714286 0.714286 0.755102 0.755102 0.755102 0.755102 0.755102 0.755102 0.755102 0.795918 0.795918 0.795918 0.836735 0.877551 0.918367 0.959184 1 1 1 1 1 1 1 1 1 1 1 1 1 1 1 1 1 1 1 1 1 1 1 1 1 
4324048	3	T2	12.4062/0.442772/0.945906/45/642/1535/0.0047051/0.036	0.232272 0.450224 0.485181 0.521249 0.586786 0.593628 0.616415 0.638969 0.646092 0.658398 0.664939 0.67134 0.674411 0.676604 0.683039 0.689172 0.693447 0.703793 0.713886 0.730209 0.745165 0.769373 0.786585 0.817073 0.841039 0.854791 0.882891 0.898924 0.907852 0.921041 0.927558 0.930392 0.937185 0.938942 0.939801 0.944619 0.945599 0.946783 0.949947 0.95348 0.957536 0.960831 0.965455 0.971312 0.974083 
4324048	3	T3	12.6175/-0.050183/0.975096/45/78/1005/0.0153684/0.049	0.0262985 0.0407627 0.0512821 0.0565417 0.0815253 0.0936884 0.102564 0.131164 0.132479 0.150888 0.164366 0.169954 0.181131 0.190335 0.198882 0.205786 0.21499 0.217949 0.230112 0.24096 0.244576 0.255424 0.2643 0.273833 0.288626 0.294543 0.307692 0.32117 0.327745 0.338264 0.34714 0.356016 0.369494 0.381657 0.393491 0.419461 0.445102 0.460881 0.473373 0.529586 0.558843 0.573307 0.633136 0.658777 0.673899 
4324048	3	T4	9.02422/0.477608/0.683961/45/9/1041/0/0.046	0.209877 0.209877 0.283951 0.333333 0.407407 0.45679 0.45679 0.679012 0.703704 0.753086 0.753086 0.777778 0.777778 0.777778 0.802469 0.802469 0.802469 0.802469 0.802469 0.802469 0.802469 0.802469 0.802469 0.802469 0.802469 0.802469 0.802469 0.802469 0.802469 0.802469 0.802469 0.802469 0.802469 0.802469 0.802469 0.802469 0.802469 0.802469 0.802469 0.802469 0.802469 0.802469 0.802469 0.802469 0.802469 
4324048	3	T5	13.3913/-0.0166421/0.974079/45/64/119/0.0230951/0.049	0.0361328 0.0532227 0.0786133 0.0917969 0.112793 0.131348 0.157227 0.189453 0.189453 0.210938 0.220703 0.243164 0.246582 0.255371 0.258789 0.268555 0.273438 0.273438 0.282715 0.290039 0.29541 0.301758 0.311035 0.320312 0.32666 0.330078 0.347168 0.355469 0.363281 0.376465 0.399902 0.411621 0.42627 0.449219 0.47998 0.498047 0.525391 0.552246 0.57666 0.599121 0.629395 0.657227 0.686523 0.708496 0.72998 
4324048	3	T6	16.0662/0.142704/0.961762/45/95/3364/0.0312566/0.047	0.0530748 0.101163 0.123989 0.156343 0.239224 0.259391 0.287978 0.37241 0.397452 0.421163 0.448199 0.487645 0.498283 0.515346 0.53108 0.53928 0.548587 0.557895 0.57097 0.579169 0.586482 0.591357 0.601773 0.609086 0.618615 0.637008 0.648753 0.662271 0.677119 0.688421 0.708587 0.725429 0.738947 0.749363 0.761108 0.774183 0.786814 0.788809 0.797673 0.820942 0.833352 0.835125 0.858837 0.87036 0.882992 
4324048	3	T7	10.7995/0.163755/0.929988/45/54/635/0.0129573/0.049	0.058299 0.0679012 0.18107 0.18107 0.19273 0.242798 0.306584 0.309328 0.320988 0.377915 0.379287 0.386145 0.41358 0.421125 0.42524 0.441015 0.455418 0.461591 0.464335 0.471193 0.484225 0.49177 0.497257 0.500686 0.507545 0.510974 0.51989 0.520576 0.522634 0.527435 0.529492 0.529492 0.532922 0.535665 0.536351 0.541838 0.554184 0.558299 0.569273 0.596708 0.623457 0.628258 0.65775 0.722908 0.733196 
550168	4	L1	0/0/0/0/0/2427/0/0	
550168	4	L6	0/0/0/0/0/732/0/0	
550168	4	OV1	12.7178/0.366806/0.895653/45/12/1104/0/0.041	0.194444 0.194444 0.277778 0.472222 0.472222 0.5 0.5 0.611111 0.611111 0.611111 0.638889 0.694444 0.694444 0.694444 0.722222 0.722222 0.722222 0.722222 0.722222 0.722222 0.722222 0.722222 0.722222 0.722222 0.722222 0.722222 0.722222 0.722222 0.722222 0.722222 0.722222 0.763889 0.763889 0.791667 0.805556 0.847222 0.847222 0.916667 0.930556 0.930556 0.972222 0.986111 0.986111 0.986111 0.986111 
550168	4	OV2	19.9193/0.0552344/0.982144/45/8/655/0/0.042	0.1875 0.1875 0.1875 0.25 0.25 0.25 0.28125 0.28125 0.28125 0.28125 0.28125 0.28125 0.28125 0.375 0.40625 0.4375 0.5 0.5 0.53125 0.65625 0.65625 0.65625 0.65625 0.6875 0.6875 0.6875 0.6875 0.6875 0.6875 0.6875 0.6875 0.6875 0.8125 0.8125 0.84375 0.84375 0.84375 0.90625 0.96875 0.96875 0.96875 0.96875 0.96875 0.96875 0.96875 
550168	4	OV3	17.1864/0.358191/0.809961/45/3/1435/0/0.031	0.333333 0.333333 0.333333 0.333333 0.333333 0.333333 0.333333 0.333333 0.333333 0.333333 0.555556 0.777778 0.777778 0.777778 0.777778 1 1 1 1 1 1 1 1 1 1 1 1 1 1 1 1 1 1 1 1 1 1 1 1 1 1 1 1 1 1 
550168	4	OV4	0/0.5/-nan/45/2/1682/0/0.049	0.5 0.5 0.5 0.5 0.5 0.5 0.5 0.5 0.5 0.5 0.5 0.5 0.5 0.5 0.5 0.5 0.5 0.5 0.5 0.5 0.5 0.5 0.5 0.5 0.5 0.5 0.5 0.5 0.5 0.5 0.5 0.5 0.5 0.5 0.5 0.5 0.5 0.5 0.5 0.5 0.5 0.5 0.5 0.5 0.5 
550168	4	OV6	0/0/0/0/0/1283/0/0	
550168	4	T1	11.0354/0.577327/0.759054/45/144/1503/0.0135639/0.029	0.216725 0.216725 0.415509 0.570698 0.586516 0.680266 0.741609 0.805845 0.828607 0.859954 0.868827 0.882812 0.885513 0.891011 0.901138 0.903164 0.904707 0.912133 0.923032 0.925733 0.930459 0.940972 0.94946 0.951196 0.959105 0.964506 0.967303 0.968268 0.970679 0.977334 0.977913 0.978299 0.983121 0.989005 0.989294 0.991995 0.994792 0.99566 0.996238 0.997492 0.998264 0.998553 0.998843 0.999132 0.999325 
550168	4	T2	15.2211/0.422674/0.856614/45/12/1535/0/0.031	0.194444 0.194444 0.347222 0.402778 0.430556 0.472222 0.541667 0.638889 0.722222 0.722222 0.722222 0.736111 0.75 0.75 0.777778 0.777778 0.791667 0.805556 0.930556 0.944444 0.958333 0.972222 0.972222 0.986111 0.986111 0.986111 1 1 1 1 1 1 1 1 1 1 1 1 1 1 1 1 1 1 1 
550168	4	T3	20.2833/0.0909505/0.950058/45/21/1005/0.0120713/0.039	0.0839002 0.0839002 0.0929705 0.160998 0.160998 0.192744 0.206349 0.328798 0.342404 0.356009 0.378685 0.446712 0.460317 0.492063 0.510204 0.578231 0.614512 0.628118 0.632653 0.668934 0.69161 0.709751 0.736961 0.759637 0.764172 0.809524 0.814059 0.84127 0.845805 0.854875 0.868481 0.877551 0.877551 0.882086 0.891156 0.909297 0.909297 0.909297 0.909297 0.909297 0.909297 0.909297 0.909297 0.909297 0.909297 
550168	4	T4	23.0975/0.0727287/0.943805/45/40/1041/0/0.035	0.0775 0.0775 0.08125 0.1325 0.16125 0.22 0.23375 0.2725 0.29625 0.32625 0.43875 0.45875 0.4725 0.5075 0.55375 0.64125 0.6525 0.68125 0.6975 0.7525 0.7575 0.835 0.8375 0.845 0.86125 0.8925 0.93125 0.935 0.94375 0.94875 0.96125 0.96875 0.96875 0.97125 0.99 0.99 0.99125 0.9925 0.9925 0.9975 0.9975 0.9975 0.9975 0.99875 0.99875 
550168	4	T6	20.4587/0.156935/0.923439/45/76/3364/0.0216499/0.036	0.0734072 0.0734072 0.075831 0.139197 0.177632 0.292244 0.294668 0.364266 0.381579 0.435249 0.548476 0.578601 0.593837 0.63054 0.647853 0.703601 0.714681 0.730263 0.745152 0.75831 0.771468 0.802978 0.82133 0.827909 0.834488 0.849377 0.887465 0.901316 0.907202 0.916205 0.937327 0.949446 0.95187 0.95464 0.961911 0.963989 0.964335 0.96572 0.966759 0.969183 0.969183 0.969183 0.970568 0.972992 0.973684 
550168	4	T7	18.4615/0.25755/0.856436/45/7/635/0/0.034	0.142857 0.142857 0.142857 0.142857 0.265306 0.306122 0.306122 0.306122 0.306122 0.632653 0.632653 0.632653 0.714286 0.795918 0.877551 0.877551 0.877551 0.877551 0.877551 0.877551 0.877551 0.877551 0.877551 0.877551 0.877551 0.877551 0.877551 0.877551 0.877551 0.877551 0.918367 0.918367 0.918367 0.918367 0.959184 0.959184 0.959184 0.959184 1 1 1 1 1 1 1 
72607	5	L1	10.8936/0.534365/0.855222/45/200/2427/0.016249/0.033	0.20085 0.35275 0.469 0.5926 0.61965 0.6552 0.7139 0.7511 0.76405 0.7768 0.7793 0.7997 0.80065 0.80445 0.8105 0.8121 0.81995 0.8217 0.8237 0.8369 0.8388 0.8408 0.8656 0.86735 0.86885 0.8891 0.89525 0.89955 0.9102 0.91655 0.92675 0.93205 0.93965 0.94575 0.9528 0.96095 0.96425 0.97225 0.9767 0.97855 0.9797 0.98505 0.99 0.99035 0.99045 
72607	5	L2	17.9567/0.32381/0.846111/45/12/3011/0/0.032	0.138889 0.138889 0.194444 0.222222 0.319444 0.347222 0.416667 0.458333 0.541667 0.597222 0.652778 0.652778 0.736111 0.763889 0.833333 0.902778 0.902778 0.944444 0.944444 0.944444 0.944444 0.958333 0.958333 0.958333 0.958333 0.958333 1 1 1 1 1 1 1 1 1 1 1 1 1 1 1 1 1 1 1 
72607	5	L3	14.5272/0.306133/0.85289/45/38/3780/0.00346117/0.04	0.137119 0.137119 0.15374 0.234072 0.292244 0.34626 0.371191 0.466759 0.490305 0.584488 0.606648 0.689751 0.693906 0.716066 0.734072 0.757618 0.757618 0.757618 0.785319 0.793629 0.793629 0.793629 0.807479 0.808864 0.808864 0.808864 0.808864 0.810249 0.810249 0.811634 0.814404 0.817175 0.819945 0.819945 0.83518 0.83795 0.839335 0.839335 0.851801 0.857341 0.882271 0.893352 0.893352 0.921053 0.936288 
72607	5	L4	25.468/-0.083427/0.977918/45/26/447/0/0.038	0.0650888 0.0650888 0.0710059 0.106509 0.112426 0.136095 0.142012 0.183432 0.183432 0.207101 0.207101 0.295858 0.295858 0.316568 0.37574 0.423077 0.434911 0.440828 0.544379 0.588757 0.591716 0.591716 0.695266 0.757396 0.757396 0.763314 0.804734 0.85503 0.863905 0.866864 0.881657 0.890533 0.931953 0.946746 0.946746 0.949704 0.95858 0.988166 0.988166 0.988166 0.988166 0.997041 0.997041 0.997041 0.997041 
72607	5	L5	19.75/-0.110632/0.975692/45/15/832/0/0.049	0.128889 0.128889 0.128889 0.128889 0.128889 0.128889 0.128889 0.128889 0.128889 0.146667 0.146667 0.146667 0.173333 0.182222 0.217778 0.217778 0.217778 0.217778 0.315556 0.315556 0.324444 0.333333 0.395556 0.457778 0.457778 0.457778 0.457778 0.502222 0.502222 0.502222 0.528889 0.564444 0.617778 0.617778 0.653333 0.715556 0.795556 0.795556 0.795556 0.795556 0.822222 0.848889 0.866667 0.866667 0.884444 
72607	5	L6	15.7256/0.0194003/0.98263/45/14/732/0/0.049	0.112245 0.112245 0.112245 0.142857 0.142857 0.163265 0.183673 0.183673 0.183673 0.204082 0.214286 0.214286 0.22449 0.265306 0.326531 0.326531 0.346939 0.377551 0.459184 0.459184 0.459184 0.459184 0.459184 0.510204 0.510204 0.510204 0.520408 0.602041 0.602041 0.602041 0.612245 0.612245 0.642857 0.642857 0.642857 0.642857 0.642857 0.653061 0.653061 0.653061 0.673469 0.673469 0.714286 0.755102 0.77551 
72607	5	L7	19.9539/0.204826/0.873856/45/78/2227/0.00164479/0.034	0.078238 0.078238 0.0969757 0.141683 0.187705 0.247863 0.268245 0.351742 0.387574 0.502959 0.544707 0.615056 0.648586 0.690664 0.750822 0.796187 0.814596 0.821828 0.859303 0.878369 0.886259 0.902367 0.913872 0.923077 0.924063 0.924063 0.938527 0.941815 0.942143 0.942801 0.949047 0.949704 0.951019 0.952991 0.955621 0.956607 0.961538 0.96384 0.964826 0.966141 0.968771 0.977318 0.979619 0.980934 0.982906 
72607	5	L8	20.1571/0.14513/0.915892/45/73/3260/0.00386905/0.037	0.0868831 0.0868831 0.0872584 0.137174 0.17583 0.247889 0.250891 0.324826 0.346594 0.420529 0.443798 0.516983 0.531619 0.557891 0.626947 0.689998 0.697129 0.71064 0.77219 0.800338 0.810096 0.816476 0.831113 0.860762 0.863389 0.867893 0.881028 0.888534 0.88966 0.88966 0.905048 0.905798 0.907675 0.907675 0.914806 0.916682 0.921186 0.92569 0.927566 0.933946 0.936573 0.945205 0.949709 0.953462 0.959842 
72607	5	OV1	15.9128/0.0110965/0.95219/45/6/1104/0/0.049	0.222222 0.222222 0.222222 0.222222 0.222222 0.222222 0.222222 0.222222 0.222222 0.222222 0.222222 0.222222 0.222222 0.222222 0.222222 0.222222 0.277778 0.277778 0.333333 0.388889 0.388889 0.388889 0.388889 0.388889 0.388889 0.388889 0.388889 0.444444 0.5 0.5 0.555556 0.611111 0.611111 0.722222 0.722222 0.722222 0.722222 0.722222 0.777778 0.777778 0.777778 0.777778 0.777778 0.777778 0.777778 
72607	5	OV2	16.2518/0.39088/0.838842/45/21/655/0/0.031	0.297052 0.297052 0.378685 0.378685 0.378685 0.378685 0.410431 0.410431 0.446712 0.569161 0.573696 0.619048 0.818594 0.827664 0.85034 0.873016 0.941043 0.950113 0.972789 0.99093 0.99093 0.99093 0.99093 1 1 1 1 1 1 1 1 1 1 1 1 1 1 1 1 1 1 1 1 1 1 
72607	5	OV3	11.6601/0.153233/0.949134/45/8/1435/0/0.049	0.125 0.125 0.1875 0.21875 0.21875 0.25 0.28125 0.28125 0.28125 0.34375 0.375 0.40625 0.40625 0.40625 0.40625 0.4375 0.46875 0.46875 0.46875 0.5 0.5 0.5 0.5 0.5 0.5 0.5 0.5 0.53125 0.53125 0.53125 0.53125 0.53125 0.53125 0.53125 0.53125 0.5625 0.5625 0.5625 0.625 0.65625 0.65625 0.65625 0.75 0.8125 0.8125 
72607	5	OV4	11.694/0.113338/0.966114/45/21/1682/0.497783/0.049	0.102041 0.102041 0.124717 0.197279 0.219955 0.23356 0.238095 0.283447 0.283447 0.342404 0.342404 0.356009 0.356009 0.356009 0.38322 0.38322 0.38322 0.38322 0.410431 0.410431 0.410431 0.410431 0.424036 0.446712 0.446712 0.446712 0.446712 0.492063 0.492063 0.492063 0.492063 0.492063 0.510204 0.514739 0.514739 0.528345 0.560091 0.573696 0.573696 0.578231 0.632653 0.723356 0.723356 0.723356 0.768707 
72607	5	OV5	17.3942/0.0792679/0.953924/45/49/273/0/0.047	0.0528946 0.0528946 0.0737193 0.093711 0.130362 0.171179 0.227822 0.243648 0.25531 0.358601 0.397751 0.409413 0.412745 0.47272 0.516035 0.532695 0.534361 0.537693 0.586839 0.602666 0.602666 0.605165 0.630154 0.642649 0.644315 0.647647 0.661808 0.678467 0.681799 0.683465 0.690129 0.709288 0.715119 0.722616 0.725948 0.731778 0.747605 0.764265 0.77676 0.779259 0.809246 0.827572 0.838401 0.841733 0.88005 
72607	5	OV6	13.7164/0.0264847/0.970303/45/53/1283/0.0419751/0.049	0.0772517 0.0772517 0.0836597 0.100036 0.137059 0.184763 0.187611 0.206835 0.212531 0.267355 0.268067 0.279459 0.284443 0.295123 0.328587 0.334995 0.337843 0.341403 0.372731 0.391242 0.393378 0.39409 0.40477 0.414738 0.41545 0.41545 0.417586 0.42969 0.436098 0.438234 0.439658 0.467426 0.483802 0.488074 0.49021 0.498042 0.551442 0.582058 0.590602 0.597722 0.662513 0.717337 0.772873 0.776433 0.811321 
72607	5	OV7	19.9288/-0.0431718/0.998067/45/76/417/0/0.047	0.0488227 0.0488227 0.0602493 0.100069 0.122922 0.139543 0.155125 0.183864 0.20741 0.241343 0.257964 0.279086 0.307133 0.330679 0.360111 0.386427 0.406856 0.411704 0.442175 0.456717 0.472299 0.476454 0.512812 0.537742 0.54259 0.552632 0.579986 0.603186 0.607341 0.622922 0.654778 0.668975 0.688712 0.71018 0.726801 0.73892 0.765582 0.804363 0.815097 0.82964 0.856302 0.87777 0.888158 0.89162 0.898892 
72607	5	OV8	13.4497/0.199678/0.887781/45/19/161/0.39581/0.049	0.130194 0.130194 0.135734 0.163435 0.191136 0.252078 0.274238 0.296399 0.296399 0.418283 0.440443 0.468144 0.473684 0.529086 0.590028 0.612188 0.612188 0.612188 0.66759 0.66759 0.66759 0.66759 0.66759 0.66759 0.66759 0.66759 0.66759 0.66759 0.66759 0.66759 0.66759 0.66759 0.66759 0.66759 0.66759 0.67867 0.67867 0.695291 0.706371 0.711911 0.739612 0.767313 0.783934 0.783934 0.806094 
72607	5	T1	17.0997/0.0561901/0.990085/45/26/1503/0/0.049	0.12426 0.130178 0.159763 0.180473 0.215976 0.269231 0.289941 0.292899 0.295858 0.346154 0.349112 0.352071 0.369822 0.390533 0.399408 0.408284 0.431953 0.434911 0.449704 0.455621 0.461538 0.464497 0.473373 0.488166 0.505917 0.505917 0.523669 0.559172 0.573964 0.597633 0.621302 0.659763 0.677515 0.707101 0.727811 0.730769 0.757396 0.798817 0.819527 0.831361 0.863905 0.878698 0.902367 0.914201 0.914201 
72607	5	T2	18.0356/0.103458/0.972815/45/28/1535/0/0.044	0.160714 0.165816 0.293367 0.295918 0.321429 0.352041 0.357143 0.357143 0.359694 0.390306 0.390306 0.40051 0.40051 0.44898 0.451531 0.456633 0.492347 0.510204 0.522959 0.522959 0.528061 0.528061 0.530612 0.535714 0.540816 0.543367 0.55102 0.594388 0.594388 0.609694 0.678571 0.683673 0.765306 0.795918 0.862245 0.885204 0.920918 0.94898 0.951531 0.956633 0.964286 0.979592 0.989796 0.989796 0.989796 
72607	5	T3	15.0852/0.137372/0.937363/45/35/1005/0/0.049	0.0759184 0.0759184 0.0906122 0.157551 0.157551 0.226122 0.242449 0.340408 0.340408 0.420408 0.422041 0.492245 0.49551 0.500408 0.533061 0.560816 0.564082 0.565714 0.57551 0.580408 0.586939 0.586939 0.591837 0.6 0.6 0.6 0.606531 0.608163 0.613061 0.616327 0.637551 0.639184 0.645714 0.663673 0.668571 0.689796 0.702857 0.727347 0.743673 0.753469 0.774694 0.823673 0.861224 0.869388 0.882449 
72607	5	T4	16.8236/-0.000225687/0.971456/45/36/1041/0/0.049	0.0447531 0.0447531 0.0462963 0.0570988 0.0632716 0.112654 0.114198 0.138889 0.160494 0.229938 0.257716 0.304012 0.322531 0.33179 0.365741 0.399691 0.415123 0.435185 0.455247 0.470679 0.510802 0.512346 0.523148 0.54321 0.554012 0.566358 0.575617 0.58642 0.589506 0.589506 0.601852 0.609568 0.615741 0.618827 0.631173 0.632716 0.648148 0.654321 0.66821 0.677469 0.691358 0.748457 0.763889 0.773148 0.774691 
72607	5	T5	21.6553/-0.0195872/0.973053/45/11/119/0/0.042	0.123967 0.123967 0.123967 0.123967 0.123967 0.123967 0.123967 0.123967 0.123967 0.256198 0.305785 0.322314 0.322314 0.371901 0.371901 0.404959 0.404959 0.421488 0.53719 0.619835 0.619835 0.619835 0.702479 0.719008 0.719008 0.719008 0.719008 0.735537 0.735537 0.768595 0.785124 0.801653 0.801653 0.818182 0.818182 0.818182 0.85124 0.85124 0.85124 0.867769 0.917355 0.933884 0.933884 0.933884 0.933884 
72607	5	T6	14.7125/-0.0139481/0.98067/45/57/3364/0.437836/0.049	0.0409357 0.0409357 0.0446291 0.0649431 0.089566 0.120345 0.130809 0.154817 0.172669 0.212681 0.229917 0.260696 0.270545 0.284703 0.313019 0.336411 0.338873 0.34072 0.373961 0.390582 0.390582 0.391197 0.396122 0.405971 0.412742 0.412742 0.41582 0.432441 0.441674 0.457679 0.461988 0.464451 0.477993 0.503232 0.508156 0.51739 0.540782 0.567867 0.597415 0.612188 0.646045 0.690982 0.735919 0.763004 0.791936 
72607	5	T7	20.7482/0.0104422/0.987326/45/125/635/0.00650793/0.042	0.067392 0.067392 0.07712 0.124864 0.159808 0.204992 0.220864 0.25248 0.254272 0.319296 0.343744 0.360128 0.366912 0.390976 0.420544 0.44256 0.452544 0.456384 0.516416 0.537408 0.549056 0.552768 0.598336 0.661952 0.673216 0.676672 0.691008 0.75488 0.759616 0.768192 0.78048 0.79648 0.821184 0.827584 0.83296 0.84 0.86304 0.868544 0.876608 0.8784 0.893248 0.90912 0.918976 0.919488 0.931008 
840888	6	L1	9.29028/0.662956/0.667948/45/1609/2427/0.00295605/0.025	0.174064 0.371201 0.467334 0.579713 0.688212 0.708146 0.80812 0.877349 0.883329 0.924718 0.935029 0.953434 0.964637 0.9697 0.972781 0.978109 0.981317 0.984095 0.985051 0.988132 0.989027 0.990588 0.991402 0.992611 0.992812 0.99362 0.995494 0.995548 0.995847 0.996908 0.997631 0.998418 0.998815 0.998939 0.999593 0.9997 0.999703 0.999866 0.999923 0.999926 0.999961 0.999968 0.999971 0.999992 0.999995 
840888	6	L2	20.9821/0.200057/0.864254/45/195/3011/0/0.033	0.0391584 0.0504142 0.0802367 0.138514 0.181644 0.21904 0.265431 0.370572 0.41307 0.492124 0.53478 0.619303 0.690414 0.7195 0.764313 0.825062 0.857252 0.867824 0.89449 0.917581 0.934254 0.94146 0.950717 0.960131 0.965444 0.966496 0.974385 0.976437 0.978014 0.98217 0.983327 0.98501 0.990796 0.990796 0.991795 0.995897 0.99595 0.996581 0.99858 0.99858 0.998895 0.99979 0.99979 0.999895 0.999895 
840888	6	L3	20.1641/0.232983/0.854786/45/1803/3780/0/0.033	0.0434258 0.0501601 0.0911222 0.165092 0.202066 0.232708 0.299995 0.421223 0.45712 0.539927 0.579908 0.669134 0.721822 0.757421 0.795346 0.838883 0.865467 0.881011 0.901605 0.921251 0.929016 0.941768 0.950216 0.958252 0.960834 0.967265 0.975221 0.977628 0.978547 0.980188 0.987688 0.988728 0.989863 0.990144 0.994592 0.99557 0.995619 0.995978 0.998179 0.998268 0.99842 0.998711 0.999192 0.999429 0.999587 
840888	6	L4	16.0909/0.0589899/0.958096/45/20/447/0/0.049	0.095 0.095 0.115 0.12 0.13 0.145 0.175 0.175 0.22 0.25 0.3 0.305 0.365 0.38 0.38 0.395 0.455 0.46 0.46 0.51 0.58 0.585 0.61 0.62 0.635 0.64 0.64 0.64 0.64 0.64 0.645 0.645 0.66 0.66 0.66 0.675 0.675 0.675 0.68 0.715 0.715 0.715 0.755 0.785 0.785 
840888	6	L5	12.9908/0.367916/0.800214/45/10/832/0/0.04	0.14 0.14 0.18 0.26 0.34 0.34 0.52 0.56 0.6 0.62 0.62 0.7 0.74 0.76 0.76 0.82 0.82 0.82 0.82 0.82 0.82 0.82 0.82 0.82 0.82 0.82 0.82 0.82 0.82 0.82 0.82 0.82 0.82 0.82 0.82 0.82 0.82 0.84 0.84 0.84 0.86 0.86 0.9 0.94 0.94 
840888	6	L6	16.6489/0.266748/0.894499/45/25/732/0/0.038	0.12 0.1328 0.1616 0.2192 0.2704 0.3056 0.36 0.472 0.4976 0.5904 0.6352 0.68 0.6864 0.7344 0.7536 0.76 0.776 0.776 0.7824 0.7856 0.7856 0.7856 0.7888 0.7888 0.7888 0.7888 0.7888 0.792 0.808 0.8272 0.8272 0.8272 0.8464 0.8624 0.8688 0.888 0.92 0.9392 0.9456 0.9584 0.9776 0.9776 0.9776 0.9808 0.9936 
840888	6	L7	18.5658/0.294617/0.838111/45/1675/2227/0.00620012/0.032	0.0612701 0.0692691 0.123157 0.220282 0.263736 0.292488 0.366098 0.493613 0.528928 0.607011 0.642942 0.723988 0.766019 0.797547 0.826868 0.86612 0.886901 0.898919 0.913483 0.933535 0.941299 0.947256 0.954017 0.963083 0.96581 0.968718 0.973369 0.97581 0.97675 0.97925 0.982248 0.983608 0.986488 0.98677 0.989779 0.992132 0.99241 0.993472 0.995813 0.996056 0.996676 0.997397 0.997905 0.998209 0.998733 
840888	6	L8	20.4677/0.213425/0.864134/45/2274/3260/0.122352/0.033	0.0380327 0.0474277 0.086903 0.152051 0.18621 0.22317 0.28741 0.403416 0.433169 0.51797 0.560972 0.649799 0.699729 0.734467 0.77088 0.824588 0.85017 0.864844 0.884971 0.90914 0.918694 0.926567 0.936101 0.9466 0.949837 0.95299 0.960991 0.964107 0.966 0.970437 0.974258 0.976697 0.981314 0.981965 0.985915 0.989906 0.990458 0.992225 0.995174 0.995743 0.996886 0.997934 0.998201 0.998766 0.999332 
840888	6	OV1	12.1985/0.555917/0.705597/45/213/1104/0/0.028	0.106835 0.238731 0.311689 0.420177 0.52095 0.54427 0.669378 0.776808 0.792546 0.880976 0.894377 0.936565 0.957989 0.96469 0.975798 0.986202 0.987921 0.988627 0.991316 0.992109 0.992418 0.992418 0.992682 0.99277 0.992859 0.992859 0.993035 0.993035 0.993035 0.993035 0.993035 0.995151 0.995151 0.995151 0.998104 0.998104 0.998104 0.999603 0.999647 0.999647 0.999868 0.999868 0.999868 1 1 
840888	6	OV2	13.7066/0.492004/0.754984/45/59/655/0/0.029	0.104855 0.202528 0.262281 0.360529 0.451882 0.472565 0.612755 0.724792 0.746625 0.825338 0.852916 0.894283 0.916116 0.919563 0.937374 0.945993 0.945993 0.954036 0.954611 0.955185 0.966676 0.966676 0.966676 0.977018 0.977018 0.977018 0.978167 0.98736 0.987935 0.987935 0.994829 0.995404 0.995404 0.995978 0.999425 1 1 1 1 1 1 1 1 1 1 
840888	6	OV3	20.4989/0.190997/0.878449/45/817/1435/0.00865579/0.034	0.0380606 0.0487274 0.0824298 0.142419 0.179354 0.215852 0.265986 0.380373 0.412248 0.49654 0.528915 0.619053 0.669819 0.705155 0.740223 0.792197 0.8176 0.833304 0.853463 0.877691 0.886389 0.895303 0.905805 0.915681 0.918435 0.922638 0.931777 0.93486 0.935666 0.941236 0.947825 0.950156 0.954207 0.958693 0.963936 0.96909 0.97155 0.976979 0.980611 0.983433 0.98705 0.990118 0.991059 0.993834 0.995266 
840888	6	OV4	21.2415/0.181635/0.871169/45/1329/1682/0.00512379/0.033	0.0350015 0.0428815 0.0687568 0.130077 0.171001 0.199372 0.246847 0.359799 0.397665 0.474219 0.515006 0.609204 0.665447 0.7026 0.747363 0.802919 0.835703 0.851429 0.876419 0.904237 0.917193 0.924728 0.936756 0.947749 0.953043 0.957315 0.964279 0.967431 0.969538 0.973255 0.976839 0.978338 0.980966 0.982573 0.985444 0.987603 0.988169 0.990049 0.991943 0.993111 0.994043 0.995429 0.995819 0.99694 0.997468 
840888	6	OV5	17.2337/0.362833/0.784689/45/42/273/0/0.031	0.111111 0.112245 0.120181 0.199546 0.336735 0.349206 0.353741 0.475057 0.604308 0.679138 0.692744 0.772109 0.867347 0.9161 0.928571 0.950113 0.980726 0.984127 0.984127 0.984127 0.984127 0.99093 0.99093 0.99093 0.99093 0.99093 0.99093 0.99093 0.99093 0.99093 0.99093 0.995465 0.995465 0.995465 0.996599 0.996599 0.996599 0.998866 0.998866 0.998866 0.998866 1 1 1 1 
840888	6	OV6	19.5707/0.245302/0.857905/45/884/1283/0.00431427/0.033	0.0504827 0.056858 0.0893 0.180307 0.223324 0.255894 0.312263 0.445868 0.480941 0.552412 0.602731 0.687854 0.726011 0.759211 0.797368 0.839671 0.854431 0.86875 0.888045 0.903913 0.910669 0.920072 0.930939 0.937744 0.941005 0.944632 0.954408 0.958334 0.960036 0.963773 0.969265 0.973531 0.976754 0.97906 0.981875 0.987029 0.988757 0.990359 0.992693 0.994597 0.995099 0.996588 0.99741 0.998106 0.998649 
840888	6	OV7	16.0079/0.367787/0.848738/45/2/417/0/0.033	0.5 0.5 0.5 0.5 0.5 0.5 0.5 0.5 0.5 0.5 0.5 0.5 0.5 0.5 0.5 0.5 0.5 0.5 1 1 1 1 1 1 1 1 1 1 1 1 1 1 1 1 1 1 1 1 1 1 1 1 1 1 1 
840888	6	OV8	23.4364/0.0777359/0.924309/45/30/161/0/0.035	0.0622222 0.0622222 0.0666667 0.104444 0.144444 0.164444 0.191111 0.282222 0.317778 0.337778 0.384444 0.455556 0.537778 0.555556 0.586667 0.666667 0.715556 0.728889 0.762222 0.811111 0.833333 0.842222 0.864444 0.917778 0.922222 0.924444 0.937778 0.948889 0.955556 0.971111 0.975556 0.988889 0.991111 0.991111 0.991111 0.993333 0.993333 0.993333 1 1 1 1 1 1 1 
840888	6	T1	9.74445/0.627605/0.700705/45/488/1503/0.000107639/0.027	0.159492 0.343095 0.444126 0.554396 0.670535 0.681369 0.786323 0.87264 0.875193 0.904654 0.91333 0.9343 0.937399 0.939936 0.94049 0.944555 0.944899 0.944907 0.945008 0.945982 0.945982 0.945982 0.946049 0.949115 0.949123 0.949803 0.956203 0.95921 0.959949 0.964123 0.971622 0.976409 0.979609 0.98254 0.989233 0.991509 0.993349 0.995406 0.997892 0.99811 0.999076 0.999328 0.999756 0.999807 0.999924 
840888	6	T2	12.9023/0.521617/0.751515/45/100/1535/0/0.029	0.1226 0.268 0.2974 0.4036 0.5044 0.516 0.6166 0.7394 0.7542 0.8288 0.8508 0.9048 0.9312 0.9376 0.9466 0.956 0.958 0.958 0.96 0.963 0.963 0.963 0.9686 0.9706 0.9708 0.971 0.9836 0.984 0.9844 0.9928 0.9944 0.995 0.9954 0.998 0.9988 0.9992 0.9996 0.9998 1 1 1 1 1 1 1 
840888	6	T3	19.3569/0.230585/0.870066/45/589/1005/0.00895993/0.034	0.0437938 0.0535943 0.103225 0.173622 0.208523 0.242831 0.317038 0.435047 0.462575 0.552578 0.583421 0.664194 0.708164 0.743976 0.771781 0.804987 0.824865 0.842627 0.855783 0.872138 0.879488 0.886297 0.895406 0.903563 0.906353 0.909651 0.918621 0.922582 0.925533 0.931068 0.937242 0.94186 0.946824 0.952093 0.958319 0.965756 0.968702 0.972397 0.978848 0.982751 0.984596 0.986487 0.989554 0.992725 0.993514 
840888	6	T4	19.8388/0.157704/0.911654/45/393/1041/0.0142167/0.037	0.0394111 0.050664 0.0839306 0.14654 0.183251 0.198868 0.254136 0.362443 0.396953 0.467475 0.492933 0.564775 0.621299 0.64857 0.678146 0.716204 0.745715 0.753096 0.774152 0.792488 0.799817 0.803495 0.812301 0.822323 0.824926 0.82692 0.836554 0.841851 0.844959 0.854347 0.86481 0.871129 0.881113 0.893026 0.906273 0.913862 0.925309 0.937442 0.945911 0.95381 0.960764 0.970489 0.975293 0.979022 0.984085 
840888	6	T5	17.1113/0.140077/0.965581/45/8/119/0/0.044	0.15625 0.15625 0.1875 0.21875 0.21875 0.25 0.28125 0.40625 0.40625 0.40625 0.40625 0.4375 0.4375 0.4375 0.4375 0.4375 0.46875 0.46875 0.59375 0.625 0.625 0.6875 0.71875 0.75 0.75 0.75 0.75 0.75 0.75 0.75 0.75 0.75 0.78125 0.78125 0.78125 0.78125 0.78125 0.8125 0.8125 0.875 0.875 0.875 0.90625 0.90625 0.90625 
840888	6	T6	18.9767/0.216729/0.891717/45/1926/3364/0.00723648/0.036	0.0504476 0.0607789 0.109538 0.183995 0.224163 0.253854 0.317927 0.427044 0.457748 0.53649 0.562869 0.635182 0.67223 0.703326 0.731512 0.767711 0.787653 0.798635 0.813425 0.829245 0.83729 0.841726 0.849269 0.857027 0.859811 0.864752 0.873349 0.877305 0.879953 0.888424 0.899191 0.903979 0.912754 0.921587 0.931009 0.939478 0.946414 0.956069 0.963153 0.968616 0.973323 0.979887 0.98379 0.987428 0.990078 
840888	6	T7	20.7838/0.22222/0.839953/45/67/635/0/0.032	0.0452217 0.0568055 0.0879929 0.134774 0.173535 0.202495 0.276899 0.377144 0.418579 0.492092 0.550011 0.626197 0.72867 0.755848 0.800401 0.877478 0.90822 0.921141 0.940299 0.967031 0.975496 0.977278 0.982624 0.992426 0.994208 0.995545 0.996436 0.999109 0.999109 0.999554 0.999554 1 1 1 1 1 1 1 1 1 1 1 1 1 1 
848608	7	L1	13.5248/0.436107/0.930551/45/194/2427/0.134235/0.034	0.190084 0.441226 0.460729 0.53029 0.606281 0.614571 0.649963 0.665746 0.672494 0.681528 0.686417 0.693219 0.695823 0.696301 0.698586 0.698905 0.69949 0.70592 0.708471 0.718036 0.725476 0.754916 0.78595 0.822192 0.860187 0.892656 0.933255 0.951429 0.964661 0.972739 0.980976 0.982517 0.983261 0.984589 0.989266 0.992188 0.992241 0.992401 0.993198 0.996918 0.996918 0.997768 0.99899 0.999043 0.999628 
848608	7	L2	18.5746/0.251787/0.926742/45/66/3011/0/0.034	0.106061 0.119835 0.158402 0.270432 0.342975 0.371442 0.405877 0.5 0.53719 0.591827 0.601928 0.634527 0.651974 0.663453 0.693756 0.697429 0.711662 0.735078 0.757117 0.767218 0.788338 0.805785 0.837466 0.853994 0.869146 0.878788 0.913682 0.925161 0.935721 0.959137 0.966483 0.971534 0.976584 0.982553 0.984848 0.986226 0.988522 0.988981 0.991276 0.993113 0.993113 0.996327 0.996786 0.997245 0.999541 
848608	7	L3	23.6203/-0.0356815/0.986639/45/102/3780/0/0.039	0.047674 0.05594 0.0642061 0.123799 0.160131 0.170127 0.191849 0.260861 0.276048 0.31411 0.326221 0.3589 0.37178 0.400615 0.414456 0.430604 0.433295 0.472895 0.498847 0.518454 0.532872 0.558247 0.634371 0.652634 0.669166 0.694925 0.77624 0.792964 0.812764 0.843137 0.881392 0.896963 0.904075 0.917916 0.940215 0.949058 0.951942 0.954633 0.962899 0.971934 0.97328 0.974817 0.982891 0.985967 0.986928 
848608	7	L4	20.7876/0.0782414/0.943697/45/3/447/0/0.039	0.333333 0.333333 0.333333 0.333333 0.333333 0.333333 0.333333 0.333333 0.333333 0.333333 0.333333 0.333333 0.333333 0.333333 0.333333 0.333333 0.333333 0.555556 0.555556 0.555556 0.555556 0.555556 0.555556 0.555556 0.555556 0.555556 0.777778 0.777778 0.777778 0.777778 1 1 1 1 1 1 1 1 1 1 1 1 1 1 1 
848608	7	L5	6.58762/0.766579/0.544466/45/2/832/0/0.02	0.5 0.5 0.5 0.5 0.5 1 1 1 1 1 1 1 1 1 1 1 1 1 1 1 1 1 1 1 1 1 1 1 1 1 1 1 1 1 1 1 1 1 1 1 1 1 1 1 1 
848608	7	L6	18.9528/0.269893/0.890932/45/9/732/0/0.033	0.135802 0.135802 0.185185 0.259259 0.259259 0.259259 0.382716 0.506173 0.506173 0.604938 0.654321 0.679012 0.679012 0.728395 0.753086 0.753086 0.777778 0.777778 0.777778 0.851852 0.876543 0.876543 0.876543 0.876543 1 1 1 1 1 1 1 1 1 1 1 1 1 1 1 1 1 1 1 1 1 
848608	7	L7	23.1983/-0.0270072/0.988058/45/153/2227/0/0.039	0.0413943 0.0461788 0.0713828 0.109402 0.139733 0.171003 0.196377 0.248067 0.262933 0.312401 0.348627 0.370071 0.385535 0.417489 0.436883 0.456192 0.467384 0.490709 0.513008 0.532573 0.551027 0.571874 0.621855 0.653979 0.671152 0.69909 0.753172 0.774617 0.788885 0.819386 0.854671 0.871417 0.882951 0.902687 0.922338 0.932675 0.942672 0.947542 0.956769 0.965227 0.967961 0.970695 0.972489 0.976932 0.981204 
848608	7	L8	22.5109/0.0391733/0.975817/45/191/3260/0/0.038	0.0426798 0.0559469 0.0811107 0.128533 0.171349 0.206546 0.231161 0.304076 0.330227 0.389271 0.41449 0.457252 0.479345 0.50429 0.530879 0.545846 0.550835 0.574299 0.593761 0.60796 0.623914 0.635098 0.677311 0.710973 0.729339 0.751761 0.802692 0.819687 0.837504 0.881253 0.906691 0.917985 0.921932 0.946164 0.958225 0.960966 0.963652 0.970341 0.979222 0.980976 0.982895 0.985088 0.986568 0.991119 0.992325 
848608	7	OV1	19.4525/0.14964/0.961846/45/165/1104/0/0.038	0.115078 0.263545 0.273168 0.346189 0.389091 0.39225 0.436915 0.446612 0.450946 0.459541 0.46461 0.467254 0.470193 0.473352 0.476584 0.477319 0.478274 0.486208 0.496051 0.50685 0.515592 0.556951 0.610579 0.640918 0.717098 0.778733 0.827071 0.870707 0.910156 0.932195 0.945712 0.954307 0.960331 0.962241 0.967089 0.970248 0.972452 0.976051 0.981267 0.98494 0.98663 0.990964 0.993315 0.994637 0.998384 
848608	7	OV2	19.0857/0.167315/0.957796/45/78/655/0/0.038	0.143327 0.297173 0.323143 0.359303 0.402038 0.420118 0.446746 0.449704 0.464497 0.469099 0.469099 0.477975 0.477975 0.477975 0.480276 0.480276 0.480276 0.495398 0.495398 0.502959 0.51808 0.563116 0.595989 0.638067 0.719592 0.769888 0.821499 0.879684 0.915187 0.936555 0.962853 0.966141 0.972715 0.976003 0.976331 0.980276 0.980605 0.980605 0.983235 0.990467 0.990467 0.995398 0.996713 0.996713 0.999343 
848608	7	OV3	21.6838/0.0936488/0.96587/45/29/1435/0/0.037	0.0725327 0.0796671 0.103448 0.172414 0.17717 0.243757 0.284185 0.381688 0.400713 0.436385 0.476813 0.526754 0.538644 0.543401 0.571938 0.583829 0.595719 0.605232 0.619501 0.619501 0.650416 0.662307 0.714625 0.743163 0.745541 0.795482 0.857313 0.876338 0.881094 0.91201 0.942925 0.950059 0.959572 0.969084 0.973841 0.976219 0.983353 0.985731 0.988109 0.988109 0.988109 0.995244 0.995244 0.995244 0.997622 
848608	7	OV4	23.9525/-0.0502128/0.988625/45/130/1682/0/0.039	0.0414201 0.0450888 0.0663905 0.106154 0.129112 0.156805 0.18568 0.231006 0.247692 0.290888 0.322367 0.349822 0.357396 0.388994 0.415976 0.438698 0.446154 0.477041 0.500473 0.52142 0.542367 0.564024 0.611243 0.648757 0.67716 0.703905 0.756686 0.779882 0.803314 0.833846 0.868166 0.88426 0.896213 0.912189 0.931361 0.94426 0.949112 0.957396 0.965089 0.97432 0.977041 0.981893 0.98497 0.987574 0.989112 
848608	7	OV5	19.8084/0.145283/0.980226/45/9/273/0/0.038	0.160494 0.185185 0.185185 0.333333 0.358025 0.358025 0.358025 0.432099 0.432099 0.45679 0.45679 0.506173 0.506173 0.506173 0.506173 0.506173 0.506173 0.555556 0.580247 0.580247 0.580247 0.580247 0.679012 0.753086 0.753086 0.802469 0.802469 0.851852 0.851852 0.876543 0.901235 0.925926 0.925926 0.925926 0.975309 0.975309 0.975309 1 1 1 1 1 1 1 1 
848608	7	OV6	23.5993/0.0125532/0.976135/45/110/1283/0/0.037	0.0502479 0.0568595 0.0704132 0.123802 0.173223 0.198347 0.220331 0.289917 0.306116 0.364298 0.382149 0.420165 0.428264 0.466116 0.494711 0.51124 0.517851 0.550248 0.586281 0.610248 0.621653 0.635041 0.698678 0.74 0.753223 0.776033 0.830248 0.863306 0.883471 0.901818 0.933058 0.946446 0.958182 0.967603 0.974711 0.982314 0.98595 0.992562 0.992893 0.995041 0.995702 0.996694 0.99719 0.997521 0.997851 
848608	7	OV7	22.1705/0.0838032/0.971951/45/24/417/0/0.036	0.0868056 0.107639 0.128472 0.190972 0.232639 0.260417 0.291667 0.347222 0.357639 0.402778 0.427083 0.493056 0.496528 0.513889 0.520833 0.569444 0.569444 0.597222 0.607639 0.649306 0.652778 0.690972 0.722222 0.743056 0.78125 0.802083 0.864583 0.881944 0.90625 0.923611 0.958333 0.975694 0.979167 0.982639 0.996528 0.996528 1 1 1 1 1 1 1 1 1 
848608	7	T1	18.2942/0.225728/0.94414/45/59/1503/0/0.036	0.169779 0.338121 0.361678 0.440965 0.474864 0.475438 0.492675 0.500718 0.500718 0.500718 0.500718 0.504165 0.504165 0.504165 0.504165 0.504165 0.509911 0.523126 0.531169 0.550129 0.553577 0.615628 0.667337 0.701235 0.814996 0.846596 0.929331 0.948291 0.966102 0.985062 0.985062 0.987935 0.997127 0.997127 0.998276 1 1 1 1 1 1 1 1 1 1 
848608	7	T2	18.4188/0.196052/0.948007/45/13/1535/0/0.038	0.12426 0.266272 0.266272 0.360947 0.431953 0.443787 0.526627 0.526627 0.526627 0.526627 0.526627 0.526627 0.526627 0.526627 0.526627 0.526627 0.526627 0.526627 0.526627 0.526627 0.526627 0.550296 0.56213 0.609467 0.64497 0.715976 0.786982 0.83432 0.881657 0.91716 0.940828 0.976331 0.988166 1 1 1 1 1 1 1 1 1 1 1 1 
848608	7	T3	21.4549/0.082867/0.964953/45/136/1005/0.0124029/0.038	0.0519031 0.0592561 0.0808824 0.137435 0.201449 0.216587 0.240701 0.322448 0.359429 0.417279 0.451881 0.492539 0.508326 0.542604 0.57699 0.59667 0.604131 0.624892 0.64987 0.665009 0.682526 0.694312 0.728157 0.747189 0.761029 0.778871 0.819204 0.830342 0.841696 0.863538 0.884732 0.900519 0.914035 0.921929 0.931661 0.94388 0.947016 0.955017 0.964208 0.971778 0.973075 0.977833 0.986375 0.988322 0.989187 
848608	7	T4	21.1019/0.141496/0.928961/45/164/1041/0/0.035	0.0517549 0.0612731 0.0948096 0.132957 0.194304 0.235872 0.270821 0.337448 0.392029 0.474792 0.498959 0.552127 0.59362 0.634964 0.667311 0.693263 0.711333 0.744423 0.757064 0.768218 0.786734 0.793129 0.814694 0.833581 0.843546 0.855741 0.879462 0.892623 0.899613 0.922516 0.935678 0.94713 0.955235 0.964456 0.968248 0.974941 0.978659 0.980443 0.982971 0.985797 0.986243 0.986987 0.988772 0.990705 0.990854 
848608	7	T5	0/0/0/0/0/119/0/0	
848608	7	T6	24.0415/-0.0420014/0.985761/45/727/3364/0.0336842/0.039	0.0361551 0.0419031 0.0599759 0.113426 0.143574 0.165688 0.188188 0.256824 0.27436 0.312916 0.336218 0.373786 0.383481 0.410087 0.428417 0.446816 0.451209 0.477614 0.500762 0.52059 0.534459 0.556796 0.616778 0.652038 0.672442 0.703634 0.772694 0.802077 0.821141 0.853514 0.891745 0.911937 0.921204 0.935481 0.952877 0.960407 0.965179 0.969928 0.976735 0.981727 0.983051 0.986725 0.989514 0.99222 0.994036 
848608	7	T7	10.6719/0.611858/0.692991/45/2/635/0/0.026	0.5 0.5 0.5 0.5 0.5 0.5 0.5 0.5 0.5 1 1 1 1 1 1 1 1 1 1 1 1 1 1 1 1 1 1 1 1 1 1 1 1 1 1 1 1 1 1 1 1 1 1 1 1 
